function g0 = ocg0 (t,x,u,z,upar,rhoab,kabs)

% Return the value of the objective function integrand.
alpha=-1.5;
Vmax=8;
Vmin=0;
beta=3;
gamma=3;
delta=1e8;
W0=0.3;W1=0.3;W2=0.3;W3=0.3;
x0=[452 88 358 497 524;%x
    436 120 78 306 155;%y
    34 26 34 45 53];%r
k1=[-0.349397590361446,0.787234042553192,-0.299145299145299,1.09345794392523];
b1=[310.373493975904,71.6808510638298,469,143.130841121495];
k2=[-0.555555555555556,0.686813186813187,-0.147058823529412,1.52439024390244];
b2=[162,-83.9890109890110,248.882352941176,-158.951219512195];
g0=delta*z(2)^beta+z(2)^alpha*(max(0,10*(x(4)-Vmax))^2+...
    min(0,10*x(4)+z(2)^gamma*W0)^2+...
    max(0,x0(3,1)^2-(x(1)-x0(1,1))^2-(x(2)-x0(2,1))^2-z(2)^gamma*W1)^2+...
    max(0,x0(3,2)^2-(x(1)-x0(1,2))^2-(x(2)-x0(2,2))^2-z(2)^gamma*W2)^2+...
    max(0,x0(3,3)^2-(x(1)-x0(1,3))^2-(x(2)-x0(2,3))^2-z(2)^gamma*W2)^2+...
    max(0,x0(3,4)^2-(x(1)-x0(1,4))^2-(x(2)-x0(2,4))^2-z(2)^gamma*W2)^2+...
    max(0,x0(3,5)^2-(x(1)-x0(1,5))^2-(x(2)-x0(2,5))^2-z(2)^gamma*W2)^2+...
    max(0,1e-4*max(0,x(2)-k1(1)*x(1)-b1(1))*min(0,x(2)-k1(3)*x(1)-b1(3))*max(0,x(2)-k1(2)*x(1)-b1(2))*min(0,x(2)-k1(4)*x(1)-b1(4))-z(2)^gamma*W2)^2+...
    max(0,1e-4*max(0,x(2)-k2(1)*x(1)-b2(1))*min(0,x(2)-k2(3)*x(1)-b2(3))*max(0,x(2)-k2(2)*x(1)-b2(2))*min(0,x(2)-k2(4)*x(1)-b2(4))-z(2)^gamma*W2)^2);

